0:7,8,9,10,11,12
1:5,6,8,9,11,13
2:4,6,10,11,12
3:4,8,9,10,11,12,15,16
4:2,3,5,6,7,8,9,10,11,15
5:1,4,6,8,9,10,12,13,19
6:1,2,4,5,8,9,10,11,12,13,14,15,16,18
7:0,4,8,9,10,11,12,13,15,16,17
8:0,1,3,4,5,6,7,9,10,11,14,15,16,18,19
9:0,1,3,4,5,6,7,8,10,11,12,13,14,15,16,17,18,19
10:0,2,3,4,5,6,7,8,9,11,12,13,14,15,16,17,18,19
11:0,1,2,3,4,6,7,8,9,10,12,14,16,17,18
12:0,2,3,5,6,7,9,10,11,13,14,16,19
13:1,5,6,7,9,10,12,15,16
14:6,8,9,10,11,12,17,18
15:3,4,6,7,8,9,10,13
16:3,6,7,8,9,10,11,12,13,17
17:7,9,10,11,14,16
18:6,8,9,10,11,14
19:5,8,9,10,12