0:1,2,3,5,6,7,8,9,11,12,13,14,15,16,17,18,19
1:0,2,3,4,5,6,7,9,10,11,12,13,14,15,16,17,18,19
2:0,1,3,4,5,6,7,8,9,11,12,13,15,16,17,19
3:0,1,2,4,5,6,7,8,9,10,11,12,13,15,16,17
4:1,2,3,5,6,8,9,10,12,17,19
5:0,1,2,3,4,6,7,9,10,13,14,15,16
6:0,1,2,3,4,5,7,10,11,12
7:0,1,2,3,5,6,8,12,16,19
8:0,2,3,4,7,14,16
9:0,1,2,3,4,5,13,15
10:1,3,4,5,6,12,14,15,19
11:0,1,2,3,6,18
12:0,1,2,3,4,6,7,10,14,15,18,19
13:0,1,2,3,5,9,14
14:0,1,5,8,10,12,13,19
15:0,1,2,3,5,9,10,12
16:0,1,2,3,5,7,8
17:0,1,2,3,4
18:0,1,11,12
19:0,1,2,4,7,10,12,14