0:86,94,62,63,33,54,74,2,83,77,15,93,46,48,45,40,14,78,17,99,57,69,20
1:23,74,78,19,30,52,87,4,92,10,3,36,41,12,96,67
2:46,23,59,39,81,67,86,73,47,0,92,35,88,60,13,49,70,38,21,48,18,74
3:36,87,53,95,57,65,28,61,14,49,4,25,58,29,68,30,88,92,98,85,1,97,79
4:7,35,11,73,78,29,95,20,83,96,46,90,16,56,1,66,3,52,63,87,81,25,98,28,58,94,84
5:27,38,70,85,43,77,7,11,30,48,66,26,71,83,23,54,79,19,89
6:44,83,62,37,47,54,96,52,40,46,33,77,51,57,88,21,56,60,15,26,97,31
7:4,17,21,94,72,37,71,79,91,78,5,42,35,73,34,24,32,62,81,80,98,12,11,48,90,76,28,41
8:74,97,30,20,80,24,99,35,61,27,56,67,77,69,64,83,76,23,68,42
9:49,74,78,73,81,72,91,31,79,36,96,21,82,93,17,63,33,61,39,86,43,41,27,76,29
10:37,24,53,88,52,47,78,73,21,11,66,69,94,84,63,68,77,27,38,67,18,1,44,57,93,39,64,91,16,58,71
11:37,4,68,39,35,72,58,10,89,25,5,23,20,40,78,31,90,24,22,86,69,7,88,26
12:87,82,17,81,46,71,73,77,43,80,83,84,70,72,48,37,75,13,66,7,79,19,1,64
13:14,20,44,18,29,63,60,49,34,16,59,35,12,22,96,2,79,33,75,31
14:13,83,15,81,51,98,94,67,61,49,3,75,69,0,77,76,73,87,88
15:21,19,52,50,14,84,48,98,85,83,29,45,96,64,0,66,38,77,88,6,23,53
16:77,87,60,18,4,45,47,48,13,80,66,30,21,88,94,71,83,38,10,39,82
17:7,46,12,26,66,29,36,51,19,28,57,37,9,24,49,30,71,27,62,18,96,68,0,39
18:51,13,87,79,61,59,16,98,88,81,38,19,92,68,65,48,35,37,58,10,73,31,17,20,74,53,50,2,22
19:15,81,72,1,66,58,26,97,78,41,85,49,17,18,22,42,57,23,96,87,45,98,64,73,5,28,68,12,95,25,99
20:25,13,89,4,38,69,24,96,44,97,8,94,11,91,46,47,50,37,76,70,23,18,53,59,58,42,0,79
21:15,7,23,75,41,85,10,9,60,25,62,73,84,27,48,6,29,35,16,44,83,2,95,94,98,52,30,32
22:84,91,51,44,45,34,66,31,79,38,19,76,13,25,11,80,64,50,18,78
23:2,86,21,31,1,64,82,25,11,57,76,44,28,19,41,20,5,33,43,15,68,81,8
24:87,66,50,10,25,71,70,93,79,51,37,20,68,65,82,46,8,17,28,7,61,55,63,92,64,11,60,40
25:20,86,33,24,59,39,11,23,44,21,3,29,53,22,4,31,65,36,42,40,19
26:73,77,17,70,69,19,86,45,44,39,80,76,96,67,50,55,5,46,72,6,27,75,11
27:5,57,34,83,30,87,29,71,80,74,21,10,43,55,8,65,38,96,56,17,89,53,26,45,44,9
28:66,86,42,96,30,81,29,37,53,3,77,47,17,24,69,23,95,4,90,44,60,19,62,31,99,7
29:83,4,17,13,86,59,27,42,28,90,89,34,85,15,54,3,25,38,21,46,50,64,93,47,95,45,9
30:66,27,32,50,1,99,8,35,28,77,72,80,62,5,90,63,82,94,87,17,3,56,75,16,57,98,55,39,21
31:39,94,23,42,9,33,22,71,11,81,18,95,32,25,38,28,13,6
32:30,66,89,39,55,73,95,75,70,51,74,81,41,80,7,88,53,31,78,83,84,62,42,58,21
33:54,67,25,50,41,31,90,99,82,57,79,0,56,46,92,6,95,47,96,9,77,72,13,37,23,38,49,36
34:38,27,58,89,65,22,37,35,92,29,45,13,72,7,82,51,49,53
35:53,49,4,89,56,67,60,88,34,11,30,42,93,7,8,50,13,2,18,21,44,80,86
36:74,3,71,76,9,17,86,84,89,79,58,48,63,54,25,44,47,1,33,41,57
37:11,55,10,68,7,6,97,34,24,52,87,28,90,17,42,38,12,61,20,18,33,51,62,74
38:5,34,57,20,50,71,22,56,18,37,47,10,27,29,94,15,78,97,2,93,96,33,16,31,84
39:31,65,2,79,11,76,80,32,25,58,26,47,52,53,45,41,78,69,9,40,98,43,49,82,10,97,30,16,17
40:46,62,91,53,6,99,55,11,65,50,63,87,39,78,83,0,59,68,90,67,24,52,25
41:21,33,58,44,19,80,71,84,48,94,32,63,39,70,87,9,23,83,93,73,1,67,89,36,7
42:76,48,74,45,28,31,66,44,29,7,35,56,37,19,71,87,68,59,79,60,58,62,47,25,85,32,88,20,43,97,8
43:52,98,83,5,12,97,94,89,64,49,27,47,9,62,88,79,39,23,42
44:98,13,97,95,6,22,47,20,42,41,66,26,64,80,68,25,52,77,99,23,71,72,82,45,21,10,35,60,69,46,28,27,36
45:42,22,87,49,51,16,26,34,81,91,80,90,15,39,44,82,65,84,19,0,97,27,29,47,58,56,77
46:2,17,40,47,75,50,12,4,69,6,24,33,20,66,58,80,29,26,51,0,73,44,77
47:62,61,90,46,93,44,74,10,68,6,64,69,87,16,39,28,79,99,82,2,20,38,33,67,49,43,65,78,29,89,57,42,36,45
48:67,42,83,69,15,58,75,41,16,86,12,61,5,96,18,21,36,0,63,76,7,73,2
49:9,89,35,99,96,45,52,66,65,13,14,19,3,72,17,34,43,47,54,2,81,61,39,33,82
50:24,91,46,30,15,33,89,38,68,64,58,20,35,73,26,40,70,29,95,57,22,18,93,67
51:75,60,18,22,95,54,24,80,67,81,14,45,52,70,17,32,94,98,34,6,86,46,74,89,37,68,58,66,73,71
52:89,15,43,10,82,49,6,37,51,1,75,39,44,53,4,59,66,92,95,21,40,61
53:35,10,73,3,71,40,66,28,59,52,39,63,77,25,32,27,80,18,34,20,15
54:33,86,65,58,57,51,6,73,55,61,0,29,97,89,49,90,68,91,36,5,60,99
55:37,72,98,96,80,99,77,32,54,75,40,69,73,59,65,24,66,27,26,62,30,78
56:82,62,35,98,64,4,73,33,38,42,95,88,76,30,8,6,86,27,96,65,45
57:27,90,96,70,54,38,3,33,17,23,79,81,6,19,30,89,10,50,47,80,0,36
58:34,59,54,97,19,41,48,11,81,39,66,50,86,69,36,64,3,46,60,18,42,96,88,4,51,20,32,45,10
59:58,2,18,29,72,25,53,55,71,13,42,80,73,52,96,40,20
60:51,77,86,16,35,71,13,64,21,87,84,93,58,42,6,2,70,74,44,24,54,28,72
61:47,96,18,95,72,14,80,3,62,54,88,24,37,8,48,9,73,85,49,63,89,81,52
62:47,56,98,40,6,0,71,74,30,61,21,93,78,7,43,17,42,55,32,37,96,64,28,81
63:73,93,13,0,92,30,53,10,41,24,9,4,40,96,94,36,95,48,61
64:79,23,87,47,60,56,83,44,50,99,43,15,58,98,24,29,84,19,8,22,78,10,62,12,86
65:77,98,54,76,39,34,71,84,3,66,49,24,81,73,86,55,96,80,18,27,40,47,45,25,69,56,70,83
66:82,84,30,24,28,99,17,42,32,19,22,53,65,44,49,10,93,4,58,55,5,46,85,92,15,16,52,12,51
67:48,84,68,33,73,35,99,95,70,51,87,14,2,47,26,10,8,81,40,41,50,1
68:67,37,11,73,47,24,50,80,44,93,10,18,42,3,54,85,75,17,51,19,40,23,83,8
69:90,26,48,20,47,72,46,79,80,98,97,10,55,58,39,14,28,44,8,11,86,65,0
70:57,99,26,79,24,5,67,89,51,32,12,74,90,41,91,50,20,60,2,65,94
71:36,72,24,65,12,60,7,79,53,62,38,27,41,59,42,95,31,44,99,17,5,94,16,76,10,51,92
72:71,55,9,61,7,19,59,11,69,30,34,49,12,44,73,33,26,74,60
73:63,9,4,26,67,53,68,12,10,32,54,56,75,94,85,82,2,99,7,55,65,21,72,50,61,59,18,46,19,41,48,14,51,80
74:36,8,9,42,1,75,47,62,97,78,32,70,0,27,96,51,77,88,60,72,18,89,37,84,2
75:51,92,90,99,21,46,94,93,74,55,73,32,87,52,48,12,14,30,83,89,68,85,79,26,13,95
76:42,83,65,36,39,91,96,26,23,90,22,56,20,89,48,14,84,9,8,7,71
77:78,65,26,16,60,12,55,30,5,28,85,6,44,92,53,10,0,33,15,86,74,8,14,46,45
78:91,77,9,4,82,1,10,19,99,7,87,74,62,11,98,39,47,40,38,32,0,64,55,88,22
79:84,18,64,70,24,39,82,9,7,71,89,69,33,96,80,22,47,36,98,57,42,13,99,43,75,5,3,12,88,20
80:90,55,51,12,39,30,69,44,41,68,79,61,98,26,8,45,32,27,65,59,46,16,7,22,53,35,57,82,73
81:9,12,19,83,14,51,2,28,58,18,45,32,65,57,31,4,7,67,49,23,62,61
82:66,12,56,78,79,52,33,9,23,24,84,73,34,30,47,95,44,45,93,39,80,49,16
83:96,29,76,48,27,14,4,6,81,43,12,89,64,15,0,92,75,40,5,41,21,32,8,98,16,68,88,65
84:87,79,22,66,67,99,65,15,12,36,41,82,10,60,21,45,64,32,76,74,4,38
85:86,98,5,21,97,19,94,77,73,15,29,66,68,75,3,61,91,42
86:54,23,25,28,85,60,29,0,26,93,36,2,48,65,58,9,51,56,77,11,90,69,35,64
87:84,24,12,18,3,27,16,64,45,47,37,94,90,78,67,75,1,60,30,42,41,4,40,19,93,89,14
88:10,35,18,61,56,6,3,2,32,43,16,74,15,58,96,42,79,83,11,78,14
89:52,49,35,20,34,32,50,70,79,29,83,11,36,43,54,76,75,57,27,51,47,74,87,61,41,5
90:47,80,57,75,69,4,33,29,87,37,30,70,45,76,11,54,28,86,7,92,40
91:78,22,50,9,40,7,76,45,20,96,70,54,85,10
92:75,34,63,33,18,1,77,95,24,93,66,2,83,3,52,90,71
93:75,24,47,63,86,66,68,35,9,62,60,92,29,0,38,82,87,10,41,50
94:31,7,75,97,0,14,87,73,43,85,20,51,10,41,30,38,71,63,16,21,4,99,70
95:44,61,4,51,67,3,32,56,33,71,82,92,31,50,97,63,28,21,29,52,19,75
96:83,57,61,49,55,4,28,9,20,6,79,76,91,65,15,26,33,48,27,13,59,74,19,63,58,38,56,17,88,62,1
97:44,94,8,58,37,20,85,19,74,43,69,54,95,38,3,6,45,39,42
98:44,65,62,55,85,56,43,14,18,69,15,80,79,51,78,64,19,39,30,7,4,3,83,21
99:75,49,66,70,67,30,84,55,33,78,40,64,73,47,8,44,71,79,0,94,28,54,19